{
 "cells": [
  {
   "cell_type": "code",
   "execution_count": 2,
   "id": "c8e1acd7-1fff-4955-b04e-fd3179255b08",
   "metadata": {
    "scrolled": true
   },
   "outputs": [
    {
     "data": {
      "text/html": [
       "<div>\n",
       "<style scoped>\n",
       "    .dataframe tbody tr th:only-of-type {\n",
       "        vertical-align: middle;\n",
       "    }\n",
       "\n",
       "    .dataframe tbody tr th {\n",
       "        vertical-align: top;\n",
       "    }\n",
       "\n",
       "    .dataframe thead th {\n",
       "        text-align: right;\n",
       "    }\n",
       "</style>\n",
       "<table border=\"1\" class=\"dataframe\">\n",
       "  <thead>\n",
       "    <tr style=\"text-align: right;\">\n",
       "      <th></th>\n",
       "      <th>일자</th>\n",
       "      <th>종가</th>\n",
       "      <th>대비</th>\n",
       "      <th>등락률</th>\n",
       "      <th>시가</th>\n",
       "      <th>고가</th>\n",
       "      <th>저가</th>\n",
       "      <th>거래량</th>\n",
       "      <th>거래대금</th>\n",
       "      <th>시가총액</th>\n",
       "      <th>상장주식수</th>\n",
       "    </tr>\n",
       "  </thead>\n",
       "  <tbody>\n",
       "    <tr>\n",
       "      <th>0</th>\n",
       "      <td>2021-08-13</td>\n",
       "      <td>74400</td>\n",
       "      <td>-2600</td>\n",
       "      <td>-3.38</td>\n",
       "      <td>75800</td>\n",
       "      <td>76000</td>\n",
       "      <td>74100</td>\n",
       "      <td>61270643</td>\n",
       "      <td>4575267536355</td>\n",
       "      <td>444151821720000</td>\n",
       "      <td>5969782550</td>\n",
       "    </tr>\n",
       "    <tr>\n",
       "      <th>1</th>\n",
       "      <td>2021-08-12</td>\n",
       "      <td>77000</td>\n",
       "      <td>-1500</td>\n",
       "      <td>-1.91</td>\n",
       "      <td>77100</td>\n",
       "      <td>78200</td>\n",
       "      <td>76900</td>\n",
       "      <td>42365223</td>\n",
       "      <td>3276635421700</td>\n",
       "      <td>459673256350000</td>\n",
       "      <td>5969782550</td>\n",
       "    </tr>\n",
       "    <tr>\n",
       "      <th>2</th>\n",
       "      <td>2021-08-11</td>\n",
       "      <td>78500</td>\n",
       "      <td>-1700</td>\n",
       "      <td>-2.12</td>\n",
       "      <td>79600</td>\n",
       "      <td>79800</td>\n",
       "      <td>78500</td>\n",
       "      <td>30241137</td>\n",
       "      <td>2389977254924</td>\n",
       "      <td>468627930175000</td>\n",
       "      <td>5969782550</td>\n",
       "    </tr>\n",
       "    <tr>\n",
       "      <th>3</th>\n",
       "      <td>2021-08-10</td>\n",
       "      <td>80200</td>\n",
       "      <td>-1300</td>\n",
       "      <td>-1.60</td>\n",
       "      <td>82300</td>\n",
       "      <td>82400</td>\n",
       "      <td>80100</td>\n",
       "      <td>20362639</td>\n",
       "      <td>1643107615500</td>\n",
       "      <td>478776560510000</td>\n",
       "      <td>5969782550</td>\n",
       "    </tr>\n",
       "    <tr>\n",
       "      <th>4</th>\n",
       "      <td>2021-08-09</td>\n",
       "      <td>81500</td>\n",
       "      <td>0</td>\n",
       "      <td>0.00</td>\n",
       "      <td>81500</td>\n",
       "      <td>82300</td>\n",
       "      <td>80900</td>\n",
       "      <td>15522581</td>\n",
       "      <td>1267668377900</td>\n",
       "      <td>486537277825000</td>\n",
       "      <td>5969782550</td>\n",
       "    </tr>\n",
       "    <tr>\n",
       "      <th>...</th>\n",
       "      <td>...</td>\n",
       "      <td>...</td>\n",
       "      <td>...</td>\n",
       "      <td>...</td>\n",
       "      <td>...</td>\n",
       "      <td>...</td>\n",
       "      <td>...</td>\n",
       "      <td>...</td>\n",
       "      <td>...</td>\n",
       "      <td>...</td>\n",
       "      <td>...</td>\n",
       "    </tr>\n",
       "    <tr>\n",
       "      <th>122</th>\n",
       "      <td>2021-02-19</td>\n",
       "      <td>82600</td>\n",
       "      <td>500</td>\n",
       "      <td>0.61</td>\n",
       "      <td>82300</td>\n",
       "      <td>82800</td>\n",
       "      <td>81000</td>\n",
       "      <td>25880879</td>\n",
       "      <td>2121275310450</td>\n",
       "      <td>493104038630000</td>\n",
       "      <td>5969782550</td>\n",
       "    </tr>\n",
       "    <tr>\n",
       "      <th>123</th>\n",
       "      <td>2021-02-18</td>\n",
       "      <td>82100</td>\n",
       "      <td>-1100</td>\n",
       "      <td>-1.32</td>\n",
       "      <td>83200</td>\n",
       "      <td>83600</td>\n",
       "      <td>82100</td>\n",
       "      <td>21327683</td>\n",
       "      <td>1762033944231</td>\n",
       "      <td>490119147355000</td>\n",
       "      <td>5969782550</td>\n",
       "    </tr>\n",
       "    <tr>\n",
       "      <th>124</th>\n",
       "      <td>2021-02-17</td>\n",
       "      <td>83200</td>\n",
       "      <td>-1700</td>\n",
       "      <td>-2.00</td>\n",
       "      <td>83900</td>\n",
       "      <td>84200</td>\n",
       "      <td>83000</td>\n",
       "      <td>18307735</td>\n",
       "      <td>1526409421172</td>\n",
       "      <td>496685908160000</td>\n",
       "      <td>5969782550</td>\n",
       "    </tr>\n",
       "    <tr>\n",
       "      <th>125</th>\n",
       "      <td>2021-02-16</td>\n",
       "      <td>84900</td>\n",
       "      <td>700</td>\n",
       "      <td>0.83</td>\n",
       "      <td>84500</td>\n",
       "      <td>86000</td>\n",
       "      <td>84200</td>\n",
       "      <td>20483100</td>\n",
       "      <td>1740792201903</td>\n",
       "      <td>506834538495000</td>\n",
       "      <td>5969782550</td>\n",
       "    </tr>\n",
       "    <tr>\n",
       "      <th>126</th>\n",
       "      <td>2021-02-15</td>\n",
       "      <td>84200</td>\n",
       "      <td>2600</td>\n",
       "      <td>3.19</td>\n",
       "      <td>83800</td>\n",
       "      <td>84500</td>\n",
       "      <td>83300</td>\n",
       "      <td>23529706</td>\n",
       "      <td>1978336504100</td>\n",
       "      <td>502655690710000</td>\n",
       "      <td>5969782550</td>\n",
       "    </tr>\n",
       "  </tbody>\n",
       "</table>\n",
       "<p>127 rows × 11 columns</p>\n",
       "</div>"
      ],
      "text/plain": [
       "            일자     종가    대비   등락률     시가     고가     저가       거래량  \\\n",
       "0   2021-08-13  74400 -2600 -3.38  75800  76000  74100  61270643   \n",
       "1   2021-08-12  77000 -1500 -1.91  77100  78200  76900  42365223   \n",
       "2   2021-08-11  78500 -1700 -2.12  79600  79800  78500  30241137   \n",
       "3   2021-08-10  80200 -1300 -1.60  82300  82400  80100  20362639   \n",
       "4   2021-08-09  81500     0  0.00  81500  82300  80900  15522581   \n",
       "..         ...    ...   ...   ...    ...    ...    ...       ...   \n",
       "122 2021-02-19  82600   500  0.61  82300  82800  81000  25880879   \n",
       "123 2021-02-18  82100 -1100 -1.32  83200  83600  82100  21327683   \n",
       "124 2021-02-17  83200 -1700 -2.00  83900  84200  83000  18307735   \n",
       "125 2021-02-16  84900   700  0.83  84500  86000  84200  20483100   \n",
       "126 2021-02-15  84200  2600  3.19  83800  84500  83300  23529706   \n",
       "\n",
       "              거래대금             시가총액       상장주식수  \n",
       "0    4575267536355  444151821720000  5969782550  \n",
       "1    3276635421700  459673256350000  5969782550  \n",
       "2    2389977254924  468627930175000  5969782550  \n",
       "3    1643107615500  478776560510000  5969782550  \n",
       "4    1267668377900  486537277825000  5969782550  \n",
       "..             ...              ...         ...  \n",
       "122  2121275310450  493104038630000  5969782550  \n",
       "123  1762033944231  490119147355000  5969782550  \n",
       "124  1526409421172  496685908160000  5969782550  \n",
       "125  1740792201903  506834538495000  5969782550  \n",
       "126  1978336504100  502655690710000  5969782550  \n",
       "\n",
       "[127 rows x 11 columns]"
      ]
     },
     "execution_count": 2,
     "metadata": {},
     "output_type": "execute_result"
    }
   ],
   "source": [
    "import pandas as pd\n",
    "import warnings\n",
    "warnings.filterwarnings('ignore')\n",
    "\n",
    "df = pd.read_excel(\"ss_ex_1.xlsx\", parse_dates = ['일자']) #지정한 컬럼을 날짜 타입으로 바꿔줌\n",
    "#df.info() -> 일자가 object임\n",
    "df"
   ]
  },
  {
   "cell_type": "markdown",
   "id": "ceed141c-6945-49c4-9450-2f7bfcf5df51",
   "metadata": {},
   "source": [
    "## 다운 샘플링\n",
    ":  더 짧은 간격의 데이터를 더 긴 간격으로 요약하는 방식"
   ]
  },
  {
   "cell_type": "markdown",
   "id": "4a722aa8-75db-403f-bd8a-9a5cb636b350",
   "metadata": {
    "jp-MarkdownHeadingCollapsed": true
   },
   "source": [
    "## 월별 / 분기별 집계값 보기"
   ]
  },
  {
   "cell_type": "markdown",
   "id": "c19b1188-dda6-4acf-9fb7-44ee16ffbbc8",
   "metadata": {
    "jp-MarkdownHeadingCollapsed": true
   },
   "source": [
    "### 전처리 - 파생변수"
   ]
  },
  {
   "cell_type": "code",
   "execution_count": 354,
   "id": "61e2789e-3054-435d-bcaf-ef85bf12aa41",
   "metadata": {
    "scrolled": true
   },
   "outputs": [
    {
     "data": {
      "text/html": [
       "<div>\n",
       "<style scoped>\n",
       "    .dataframe tbody tr th:only-of-type {\n",
       "        vertical-align: middle;\n",
       "    }\n",
       "\n",
       "    .dataframe tbody tr th {\n",
       "        vertical-align: top;\n",
       "    }\n",
       "\n",
       "    .dataframe thead th {\n",
       "        text-align: right;\n",
       "    }\n",
       "</style>\n",
       "<table border=\"1\" class=\"dataframe\">\n",
       "  <thead>\n",
       "    <tr style=\"text-align: right;\">\n",
       "      <th></th>\n",
       "      <th>일자</th>\n",
       "      <th>종가</th>\n",
       "      <th>대비</th>\n",
       "      <th>등락률</th>\n",
       "      <th>시가</th>\n",
       "      <th>고가</th>\n",
       "      <th>저가</th>\n",
       "      <th>거래량</th>\n",
       "      <th>거래대금</th>\n",
       "      <th>시가총액</th>\n",
       "      <th>상장주식수</th>\n",
       "    </tr>\n",
       "  </thead>\n",
       "  <tbody>\n",
       "    <tr>\n",
       "      <th>126</th>\n",
       "      <td>2021-02-15</td>\n",
       "      <td>84200</td>\n",
       "      <td>2600</td>\n",
       "      <td>3.19</td>\n",
       "      <td>83800</td>\n",
       "      <td>84500</td>\n",
       "      <td>83300</td>\n",
       "      <td>23529706</td>\n",
       "      <td>1978336504100</td>\n",
       "      <td>502655690710000</td>\n",
       "      <td>5969782550</td>\n",
       "    </tr>\n",
       "    <tr>\n",
       "      <th>125</th>\n",
       "      <td>2021-02-16</td>\n",
       "      <td>84900</td>\n",
       "      <td>700</td>\n",
       "      <td>0.83</td>\n",
       "      <td>84500</td>\n",
       "      <td>86000</td>\n",
       "      <td>84200</td>\n",
       "      <td>20483100</td>\n",
       "      <td>1740792201903</td>\n",
       "      <td>506834538495000</td>\n",
       "      <td>5969782550</td>\n",
       "    </tr>\n",
       "    <tr>\n",
       "      <th>124</th>\n",
       "      <td>2021-02-17</td>\n",
       "      <td>83200</td>\n",
       "      <td>-1700</td>\n",
       "      <td>-2.00</td>\n",
       "      <td>83900</td>\n",
       "      <td>84200</td>\n",
       "      <td>83000</td>\n",
       "      <td>18307735</td>\n",
       "      <td>1526409421172</td>\n",
       "      <td>496685908160000</td>\n",
       "      <td>5969782550</td>\n",
       "    </tr>\n",
       "    <tr>\n",
       "      <th>123</th>\n",
       "      <td>2021-02-18</td>\n",
       "      <td>82100</td>\n",
       "      <td>-1100</td>\n",
       "      <td>-1.32</td>\n",
       "      <td>83200</td>\n",
       "      <td>83600</td>\n",
       "      <td>82100</td>\n",
       "      <td>21327683</td>\n",
       "      <td>1762033944231</td>\n",
       "      <td>490119147355000</td>\n",
       "      <td>5969782550</td>\n",
       "    </tr>\n",
       "    <tr>\n",
       "      <th>122</th>\n",
       "      <td>2021-02-19</td>\n",
       "      <td>82600</td>\n",
       "      <td>500</td>\n",
       "      <td>0.61</td>\n",
       "      <td>82300</td>\n",
       "      <td>82800</td>\n",
       "      <td>81000</td>\n",
       "      <td>25880879</td>\n",
       "      <td>2121275310450</td>\n",
       "      <td>493104038630000</td>\n",
       "      <td>5969782550</td>\n",
       "    </tr>\n",
       "    <tr>\n",
       "      <th>...</th>\n",
       "      <td>...</td>\n",
       "      <td>...</td>\n",
       "      <td>...</td>\n",
       "      <td>...</td>\n",
       "      <td>...</td>\n",
       "      <td>...</td>\n",
       "      <td>...</td>\n",
       "      <td>...</td>\n",
       "      <td>...</td>\n",
       "      <td>...</td>\n",
       "      <td>...</td>\n",
       "    </tr>\n",
       "    <tr>\n",
       "      <th>4</th>\n",
       "      <td>2021-08-09</td>\n",
       "      <td>81500</td>\n",
       "      <td>0</td>\n",
       "      <td>0.00</td>\n",
       "      <td>81500</td>\n",
       "      <td>82300</td>\n",
       "      <td>80900</td>\n",
       "      <td>15522581</td>\n",
       "      <td>1267668377900</td>\n",
       "      <td>486537277825000</td>\n",
       "      <td>5969782550</td>\n",
       "    </tr>\n",
       "    <tr>\n",
       "      <th>3</th>\n",
       "      <td>2021-08-10</td>\n",
       "      <td>80200</td>\n",
       "      <td>-1300</td>\n",
       "      <td>-1.60</td>\n",
       "      <td>82300</td>\n",
       "      <td>82400</td>\n",
       "      <td>80100</td>\n",
       "      <td>20362639</td>\n",
       "      <td>1643107615500</td>\n",
       "      <td>478776560510000</td>\n",
       "      <td>5969782550</td>\n",
       "    </tr>\n",
       "    <tr>\n",
       "      <th>2</th>\n",
       "      <td>2021-08-11</td>\n",
       "      <td>78500</td>\n",
       "      <td>-1700</td>\n",
       "      <td>-2.12</td>\n",
       "      <td>79600</td>\n",
       "      <td>79800</td>\n",
       "      <td>78500</td>\n",
       "      <td>30241137</td>\n",
       "      <td>2389977254924</td>\n",
       "      <td>468627930175000</td>\n",
       "      <td>5969782550</td>\n",
       "    </tr>\n",
       "    <tr>\n",
       "      <th>1</th>\n",
       "      <td>2021-08-12</td>\n",
       "      <td>77000</td>\n",
       "      <td>-1500</td>\n",
       "      <td>-1.91</td>\n",
       "      <td>77100</td>\n",
       "      <td>78200</td>\n",
       "      <td>76900</td>\n",
       "      <td>42365223</td>\n",
       "      <td>3276635421700</td>\n",
       "      <td>459673256350000</td>\n",
       "      <td>5969782550</td>\n",
       "    </tr>\n",
       "    <tr>\n",
       "      <th>0</th>\n",
       "      <td>2021-08-13</td>\n",
       "      <td>74400</td>\n",
       "      <td>-2600</td>\n",
       "      <td>-3.38</td>\n",
       "      <td>75800</td>\n",
       "      <td>76000</td>\n",
       "      <td>74100</td>\n",
       "      <td>61270643</td>\n",
       "      <td>4575267536355</td>\n",
       "      <td>444151821720000</td>\n",
       "      <td>5969782550</td>\n",
       "    </tr>\n",
       "  </tbody>\n",
       "</table>\n",
       "<p>127 rows × 11 columns</p>\n",
       "</div>"
      ],
      "text/plain": [
       "            일자     종가    대비   등락률     시가     고가     저가       거래량  \\\n",
       "126 2021-02-15  84200  2600  3.19  83800  84500  83300  23529706   \n",
       "125 2021-02-16  84900   700  0.83  84500  86000  84200  20483100   \n",
       "124 2021-02-17  83200 -1700 -2.00  83900  84200  83000  18307735   \n",
       "123 2021-02-18  82100 -1100 -1.32  83200  83600  82100  21327683   \n",
       "122 2021-02-19  82600   500  0.61  82300  82800  81000  25880879   \n",
       "..         ...    ...   ...   ...    ...    ...    ...       ...   \n",
       "4   2021-08-09  81500     0  0.00  81500  82300  80900  15522581   \n",
       "3   2021-08-10  80200 -1300 -1.60  82300  82400  80100  20362639   \n",
       "2   2021-08-11  78500 -1700 -2.12  79600  79800  78500  30241137   \n",
       "1   2021-08-12  77000 -1500 -1.91  77100  78200  76900  42365223   \n",
       "0   2021-08-13  74400 -2600 -3.38  75800  76000  74100  61270643   \n",
       "\n",
       "              거래대금             시가총액       상장주식수  \n",
       "126  1978336504100  502655690710000  5969782550  \n",
       "125  1740792201903  506834538495000  5969782550  \n",
       "124  1526409421172  496685908160000  5969782550  \n",
       "123  1762033944231  490119147355000  5969782550  \n",
       "122  2121275310450  493104038630000  5969782550  \n",
       "..             ...              ...         ...  \n",
       "4    1267668377900  486537277825000  5969782550  \n",
       "3    1643107615500  478776560510000  5969782550  \n",
       "2    2389977254924  468627930175000  5969782550  \n",
       "1    3276635421700  459673256350000  5969782550  \n",
       "0    4575267536355  444151821720000  5969782550  \n",
       "\n",
       "[127 rows x 11 columns]"
      ]
     },
     "execution_count": 354,
     "metadata": {},
     "output_type": "execute_result"
    }
   ],
   "source": [
    "df = df.sort_values(\"일자\")\n",
    "df"
   ]
  },
  {
   "cell_type": "code",
   "execution_count": 355,
   "id": "d151be49-174f-4673-abbd-c90d33b7a606",
   "metadata": {
    "scrolled": true
   },
   "outputs": [
    {
     "data": {
      "text/html": [
       "<div>\n",
       "<style scoped>\n",
       "    .dataframe tbody tr th:only-of-type {\n",
       "        vertical-align: middle;\n",
       "    }\n",
       "\n",
       "    .dataframe tbody tr th {\n",
       "        vertical-align: top;\n",
       "    }\n",
       "\n",
       "    .dataframe thead th {\n",
       "        text-align: right;\n",
       "    }\n",
       "</style>\n",
       "<table border=\"1\" class=\"dataframe\">\n",
       "  <thead>\n",
       "    <tr style=\"text-align: right;\">\n",
       "      <th></th>\n",
       "      <th>일자</th>\n",
       "      <th>시가</th>\n",
       "      <th>저가</th>\n",
       "      <th>고가</th>\n",
       "      <th>종가</th>\n",
       "      <th>year</th>\n",
       "      <th>month</th>\n",
       "    </tr>\n",
       "  </thead>\n",
       "  <tbody>\n",
       "    <tr>\n",
       "      <th>126</th>\n",
       "      <td>2021-02-15</td>\n",
       "      <td>83800</td>\n",
       "      <td>83300</td>\n",
       "      <td>84500</td>\n",
       "      <td>84200</td>\n",
       "      <td>2021</td>\n",
       "      <td>2</td>\n",
       "    </tr>\n",
       "    <tr>\n",
       "      <th>125</th>\n",
       "      <td>2021-02-16</td>\n",
       "      <td>84500</td>\n",
       "      <td>84200</td>\n",
       "      <td>86000</td>\n",
       "      <td>84900</td>\n",
       "      <td>2021</td>\n",
       "      <td>2</td>\n",
       "    </tr>\n",
       "    <tr>\n",
       "      <th>124</th>\n",
       "      <td>2021-02-17</td>\n",
       "      <td>83900</td>\n",
       "      <td>83000</td>\n",
       "      <td>84200</td>\n",
       "      <td>83200</td>\n",
       "      <td>2021</td>\n",
       "      <td>2</td>\n",
       "    </tr>\n",
       "    <tr>\n",
       "      <th>123</th>\n",
       "      <td>2021-02-18</td>\n",
       "      <td>83200</td>\n",
       "      <td>82100</td>\n",
       "      <td>83600</td>\n",
       "      <td>82100</td>\n",
       "      <td>2021</td>\n",
       "      <td>2</td>\n",
       "    </tr>\n",
       "    <tr>\n",
       "      <th>122</th>\n",
       "      <td>2021-02-19</td>\n",
       "      <td>82300</td>\n",
       "      <td>81000</td>\n",
       "      <td>82800</td>\n",
       "      <td>82600</td>\n",
       "      <td>2021</td>\n",
       "      <td>2</td>\n",
       "    </tr>\n",
       "    <tr>\n",
       "      <th>121</th>\n",
       "      <td>2021-02-22</td>\n",
       "      <td>83800</td>\n",
       "      <td>82200</td>\n",
       "      <td>84200</td>\n",
       "      <td>82200</td>\n",
       "      <td>2021</td>\n",
       "      <td>2</td>\n",
       "    </tr>\n",
       "    <tr>\n",
       "      <th>120</th>\n",
       "      <td>2021-02-23</td>\n",
       "      <td>81200</td>\n",
       "      <td>81100</td>\n",
       "      <td>82900</td>\n",
       "      <td>82000</td>\n",
       "      <td>2021</td>\n",
       "      <td>2</td>\n",
       "    </tr>\n",
       "    <tr>\n",
       "      <th>119</th>\n",
       "      <td>2021-02-24</td>\n",
       "      <td>81800</td>\n",
       "      <td>81300</td>\n",
       "      <td>83600</td>\n",
       "      <td>82000</td>\n",
       "      <td>2021</td>\n",
       "      <td>2</td>\n",
       "    </tr>\n",
       "    <tr>\n",
       "      <th>118</th>\n",
       "      <td>2021-02-25</td>\n",
       "      <td>84000</td>\n",
       "      <td>83000</td>\n",
       "      <td>85400</td>\n",
       "      <td>85300</td>\n",
       "      <td>2021</td>\n",
       "      <td>2</td>\n",
       "    </tr>\n",
       "    <tr>\n",
       "      <th>117</th>\n",
       "      <td>2021-02-26</td>\n",
       "      <td>82800</td>\n",
       "      <td>82000</td>\n",
       "      <td>83400</td>\n",
       "      <td>82500</td>\n",
       "      <td>2021</td>\n",
       "      <td>2</td>\n",
       "    </tr>\n",
       "  </tbody>\n",
       "</table>\n",
       "</div>"
      ],
      "text/plain": [
       "            일자     시가     저가     고가     종가  year  month\n",
       "126 2021-02-15  83800  83300  84500  84200  2021      2\n",
       "125 2021-02-16  84500  84200  86000  84900  2021      2\n",
       "124 2021-02-17  83900  83000  84200  83200  2021      2\n",
       "123 2021-02-18  83200  82100  83600  82100  2021      2\n",
       "122 2021-02-19  82300  81000  82800  82600  2021      2\n",
       "121 2021-02-22  83800  82200  84200  82200  2021      2\n",
       "120 2021-02-23  81200  81100  82900  82000  2021      2\n",
       "119 2021-02-24  81800  81300  83600  82000  2021      2\n",
       "118 2021-02-25  84000  83000  85400  85300  2021      2\n",
       "117 2021-02-26  82800  82000  83400  82500  2021      2"
      ]
     },
     "execution_count": 355,
     "metadata": {},
     "output_type": "execute_result"
    }
   ],
   "source": [
    "#df['일자'].dt.quarter\n",
    "df2 = df[['일자', '시가', '저가', '고가', '종가']].copy()\n",
    "df2['year'] = df2['일자'].dt.year\n",
    "df2['month'] = df2['일자'].dt.month\n",
    "\n",
    "a = df2.groupby(['year','month'])\n",
    "a.get_group((2021,2)) #group을 데이터 프레임으로 보는 방법"
   ]
  },
  {
   "cell_type": "markdown",
   "id": "778b04bd-6172-4017-b5ce-f4473814b00b",
   "metadata": {},
   "source": [
    "### 월별"
   ]
  },
  {
   "cell_type": "code",
   "execution_count": 357,
   "id": "215433a2-69df-4d72-8750-655256eb1ef0",
   "metadata": {},
   "outputs": [
    {
     "data": {
      "text/html": [
       "<div>\n",
       "<style scoped>\n",
       "    .dataframe tbody tr th:only-of-type {\n",
       "        vertical-align: middle;\n",
       "    }\n",
       "\n",
       "    .dataframe tbody tr th {\n",
       "        vertical-align: top;\n",
       "    }\n",
       "\n",
       "    .dataframe thead th {\n",
       "        text-align: right;\n",
       "    }\n",
       "</style>\n",
       "<table border=\"1\" class=\"dataframe\">\n",
       "  <thead>\n",
       "    <tr style=\"text-align: right;\">\n",
       "      <th></th>\n",
       "      <th></th>\n",
       "      <th>시가</th>\n",
       "      <th>저가</th>\n",
       "      <th>고가</th>\n",
       "      <th>종가</th>\n",
       "    </tr>\n",
       "    <tr>\n",
       "      <th>year</th>\n",
       "      <th>month</th>\n",
       "      <th></th>\n",
       "      <th></th>\n",
       "      <th></th>\n",
       "      <th></th>\n",
       "    </tr>\n",
       "  </thead>\n",
       "  <tbody>\n",
       "    <tr>\n",
       "      <th rowspan=\"7\" valign=\"top\">2021</th>\n",
       "      <th>2</th>\n",
       "      <td>83800</td>\n",
       "      <td>81000</td>\n",
       "      <td>86000</td>\n",
       "      <td>82500</td>\n",
       "    </tr>\n",
       "    <tr>\n",
       "      <th>3</th>\n",
       "      <td>85100</td>\n",
       "      <td>80600</td>\n",
       "      <td>85300</td>\n",
       "      <td>81400</td>\n",
       "    </tr>\n",
       "    <tr>\n",
       "      <th>4</th>\n",
       "      <td>82500</td>\n",
       "      <td>81500</td>\n",
       "      <td>86200</td>\n",
       "      <td>81500</td>\n",
       "    </tr>\n",
       "    <tr>\n",
       "      <th>5</th>\n",
       "      <td>81000</td>\n",
       "      <td>78400</td>\n",
       "      <td>83500</td>\n",
       "      <td>80500</td>\n",
       "    </tr>\n",
       "    <tr>\n",
       "      <th>6</th>\n",
       "      <td>80500</td>\n",
       "      <td>79600</td>\n",
       "      <td>83000</td>\n",
       "      <td>80700</td>\n",
       "    </tr>\n",
       "    <tr>\n",
       "      <th>7</th>\n",
       "      <td>80500</td>\n",
       "      <td>78100</td>\n",
       "      <td>81300</td>\n",
       "      <td>78500</td>\n",
       "    </tr>\n",
       "    <tr>\n",
       "      <th>8</th>\n",
       "      <td>79200</td>\n",
       "      <td>74100</td>\n",
       "      <td>83300</td>\n",
       "      <td>74400</td>\n",
       "    </tr>\n",
       "  </tbody>\n",
       "</table>\n",
       "</div>"
      ],
      "text/plain": [
       "               시가     저가     고가     종가\n",
       "year month                            \n",
       "2021 2      83800  81000  86000  82500\n",
       "     3      85100  80600  85300  81400\n",
       "     4      82500  81500  86200  81500\n",
       "     5      81000  78400  83500  80500\n",
       "     6      80500  79600  83000  80700\n",
       "     7      80500  78100  81300  78500\n",
       "     8      79200  74100  83300  74400"
      ]
     },
     "execution_count": 357,
     "metadata": {},
     "output_type": "execute_result"
    }
   ],
   "source": [
    "#1\n",
    "how = {\n",
    "    \"시가\" : \"first\",\n",
    "    \"저가\" : \"min\",\n",
    "    \"고가\" : \"max\",\n",
    "    \"종가\" : \"last\"\n",
    "}\n",
    "\n",
    "a.agg(how) #객체에서 여러 개의 함수를 적용하여 데이터를 집계할 때 사용하는 메소드"
   ]
  },
  {
   "cell_type": "code",
   "execution_count": 358,
   "id": "a68a7c06-7b56-4692-a030-cdd3ec3f4d3a",
   "metadata": {
    "scrolled": true
   },
   "outputs": [
    {
     "data": {
      "text/html": [
       "<div>\n",
       "<style scoped>\n",
       "    .dataframe tbody tr th:only-of-type {\n",
       "        vertical-align: middle;\n",
       "    }\n",
       "\n",
       "    .dataframe tbody tr th {\n",
       "        vertical-align: top;\n",
       "    }\n",
       "\n",
       "    .dataframe thead th {\n",
       "        text-align: right;\n",
       "    }\n",
       "</style>\n",
       "<table border=\"1\" class=\"dataframe\">\n",
       "  <thead>\n",
       "    <tr style=\"text-align: right;\">\n",
       "      <th></th>\n",
       "      <th>시가</th>\n",
       "      <th>저가</th>\n",
       "      <th>고가</th>\n",
       "      <th>종가</th>\n",
       "    </tr>\n",
       "    <tr>\n",
       "      <th>일자</th>\n",
       "      <th></th>\n",
       "      <th></th>\n",
       "      <th></th>\n",
       "      <th></th>\n",
       "    </tr>\n",
       "  </thead>\n",
       "  <tbody>\n",
       "    <tr>\n",
       "      <th>2021-02-15</th>\n",
       "      <td>83800.0</td>\n",
       "      <td>83300.0</td>\n",
       "      <td>84500.0</td>\n",
       "      <td>84200.0</td>\n",
       "    </tr>\n",
       "    <tr>\n",
       "      <th>2021-02-16</th>\n",
       "      <td>84500.0</td>\n",
       "      <td>84200.0</td>\n",
       "      <td>86000.0</td>\n",
       "      <td>84900.0</td>\n",
       "    </tr>\n",
       "    <tr>\n",
       "      <th>2021-02-17</th>\n",
       "      <td>83900.0</td>\n",
       "      <td>83000.0</td>\n",
       "      <td>84200.0</td>\n",
       "      <td>83200.0</td>\n",
       "    </tr>\n",
       "    <tr>\n",
       "      <th>2021-02-18</th>\n",
       "      <td>83200.0</td>\n",
       "      <td>82100.0</td>\n",
       "      <td>83600.0</td>\n",
       "      <td>82100.0</td>\n",
       "    </tr>\n",
       "    <tr>\n",
       "      <th>2021-02-19</th>\n",
       "      <td>82300.0</td>\n",
       "      <td>81000.0</td>\n",
       "      <td>82800.0</td>\n",
       "      <td>82600.0</td>\n",
       "    </tr>\n",
       "    <tr>\n",
       "      <th>...</th>\n",
       "      <td>...</td>\n",
       "      <td>...</td>\n",
       "      <td>...</td>\n",
       "      <td>...</td>\n",
       "    </tr>\n",
       "    <tr>\n",
       "      <th>2021-08-09</th>\n",
       "      <td>81500.0</td>\n",
       "      <td>80900.0</td>\n",
       "      <td>82300.0</td>\n",
       "      <td>81500.0</td>\n",
       "    </tr>\n",
       "    <tr>\n",
       "      <th>2021-08-10</th>\n",
       "      <td>82300.0</td>\n",
       "      <td>80100.0</td>\n",
       "      <td>82400.0</td>\n",
       "      <td>80200.0</td>\n",
       "    </tr>\n",
       "    <tr>\n",
       "      <th>2021-08-11</th>\n",
       "      <td>79600.0</td>\n",
       "      <td>78500.0</td>\n",
       "      <td>79800.0</td>\n",
       "      <td>78500.0</td>\n",
       "    </tr>\n",
       "    <tr>\n",
       "      <th>2021-08-12</th>\n",
       "      <td>77100.0</td>\n",
       "      <td>76900.0</td>\n",
       "      <td>78200.0</td>\n",
       "      <td>77000.0</td>\n",
       "    </tr>\n",
       "    <tr>\n",
       "      <th>2021-08-13</th>\n",
       "      <td>75800.0</td>\n",
       "      <td>74100.0</td>\n",
       "      <td>76000.0</td>\n",
       "      <td>74400.0</td>\n",
       "    </tr>\n",
       "  </tbody>\n",
       "</table>\n",
       "<p>180 rows × 4 columns</p>\n",
       "</div>"
      ],
      "text/plain": [
       "                 시가       저가       고가       종가\n",
       "일자                                            \n",
       "2021-02-15  83800.0  83300.0  84500.0  84200.0\n",
       "2021-02-16  84500.0  84200.0  86000.0  84900.0\n",
       "2021-02-17  83900.0  83000.0  84200.0  83200.0\n",
       "2021-02-18  83200.0  82100.0  83600.0  82100.0\n",
       "2021-02-19  82300.0  81000.0  82800.0  82600.0\n",
       "...             ...      ...      ...      ...\n",
       "2021-08-09  81500.0  80900.0  82300.0  81500.0\n",
       "2021-08-10  82300.0  80100.0  82400.0  80200.0\n",
       "2021-08-11  79600.0  78500.0  79800.0  78500.0\n",
       "2021-08-12  77100.0  76900.0  78200.0  77000.0\n",
       "2021-08-13  75800.0  74100.0  76000.0  74400.0\n",
       "\n",
       "[180 rows x 4 columns]"
      ]
     },
     "execution_count": 358,
     "metadata": {},
     "output_type": "execute_result"
    }
   ],
   "source": [
    "#2\n",
    "df.groupby(pd.Grouper(key = \"일자\", freq = \"d\")).agg(how)"
   ]
  },
  {
   "cell_type": "markdown",
   "id": "04bcb727-abe5-481e-ae99-3a581c7da0a6",
   "metadata": {
    "jp-MarkdownHeadingCollapsed": true
   },
   "source": [
    "### 분기별"
   ]
  },
  {
   "cell_type": "code",
   "execution_count": 360,
   "id": "3e6ca935-5ac7-463e-9ca0-f246c8718ac1",
   "metadata": {},
   "outputs": [
    {
     "data": {
      "text/html": [
       "<div>\n",
       "<style scoped>\n",
       "    .dataframe tbody tr th:only-of-type {\n",
       "        vertical-align: middle;\n",
       "    }\n",
       "\n",
       "    .dataframe tbody tr th {\n",
       "        vertical-align: top;\n",
       "    }\n",
       "\n",
       "    .dataframe thead th {\n",
       "        text-align: right;\n",
       "    }\n",
       "</style>\n",
       "<table border=\"1\" class=\"dataframe\">\n",
       "  <thead>\n",
       "    <tr style=\"text-align: right;\">\n",
       "      <th></th>\n",
       "      <th>시가</th>\n",
       "      <th>저가</th>\n",
       "      <th>고가</th>\n",
       "      <th>종가</th>\n",
       "    </tr>\n",
       "    <tr>\n",
       "      <th>일자</th>\n",
       "      <th></th>\n",
       "      <th></th>\n",
       "      <th></th>\n",
       "      <th></th>\n",
       "    </tr>\n",
       "  </thead>\n",
       "  <tbody>\n",
       "    <tr>\n",
       "      <th>2021-02-28</th>\n",
       "      <td>83800</td>\n",
       "      <td>81000</td>\n",
       "      <td>86000</td>\n",
       "      <td>82500</td>\n",
       "    </tr>\n",
       "    <tr>\n",
       "      <th>2021-05-31</th>\n",
       "      <td>85100</td>\n",
       "      <td>78400</td>\n",
       "      <td>86200</td>\n",
       "      <td>80500</td>\n",
       "    </tr>\n",
       "    <tr>\n",
       "      <th>2021-08-31</th>\n",
       "      <td>80500</td>\n",
       "      <td>74100</td>\n",
       "      <td>83300</td>\n",
       "      <td>74400</td>\n",
       "    </tr>\n",
       "  </tbody>\n",
       "</table>\n",
       "</div>"
      ],
      "text/plain": [
       "               시가     저가     고가     종가\n",
       "일자                                    \n",
       "2021-02-28  83800  81000  86000  82500\n",
       "2021-05-31  85100  78400  86200  80500\n",
       "2021-08-31  80500  74100  83300  74400"
      ]
     },
     "execution_count": 360,
     "metadata": {},
     "output_type": "execute_result"
    }
   ],
   "source": [
    "df.groupby(pd.Grouper(key = \"일자\", freq = \"3m\")).agg(how) #3개월(분기)별로 집단화"
   ]
  },
  {
   "cell_type": "markdown",
   "id": "d8012f50-8b77-44ca-9a41-68e1ef006b63",
   "metadata": {},
   "source": [
    "## 컬럼시프트"
   ]
  },
  {
   "cell_type": "markdown",
   "id": "ec28d90e-67a5-45e8-b951-dbeecbde9004",
   "metadata": {
    "jp-MarkdownHeadingCollapsed": true
   },
   "source": [
    "#### 거래량이 증가한 날은 총 몇일일까?"
   ]
  },
  {
   "cell_type": "code",
   "execution_count": 363,
   "id": "90b59fd3-f0ff-486c-9ef7-6d9efd4a6f9d",
   "metadata": {},
   "outputs": [],
   "source": [
    "df = df.set_index(\"일자\")"
   ]
  },
  {
   "cell_type": "code",
   "execution_count": 364,
   "id": "e7d92974-56a4-400a-8105-56f32207e9e3",
   "metadata": {
    "scrolled": true
   },
   "outputs": [
    {
     "data": {
      "text/html": [
       "<div>\n",
       "<style scoped>\n",
       "    .dataframe tbody tr th:only-of-type {\n",
       "        vertical-align: middle;\n",
       "    }\n",
       "\n",
       "    .dataframe tbody tr th {\n",
       "        vertical-align: top;\n",
       "    }\n",
       "\n",
       "    .dataframe thead th {\n",
       "        text-align: right;\n",
       "    }\n",
       "</style>\n",
       "<table border=\"1\" class=\"dataframe\">\n",
       "  <thead>\n",
       "    <tr style=\"text-align: right;\">\n",
       "      <th></th>\n",
       "      <th>거래량</th>\n",
       "      <th>전일거래량</th>\n",
       "    </tr>\n",
       "    <tr>\n",
       "      <th>일자</th>\n",
       "      <th></th>\n",
       "      <th></th>\n",
       "    </tr>\n",
       "  </thead>\n",
       "  <tbody>\n",
       "    <tr>\n",
       "      <th>2021-02-15</th>\n",
       "      <td>23529706</td>\n",
       "      <td>NaN</td>\n",
       "    </tr>\n",
       "    <tr>\n",
       "      <th>2021-02-16</th>\n",
       "      <td>20483100</td>\n",
       "      <td>23529706.0</td>\n",
       "    </tr>\n",
       "    <tr>\n",
       "      <th>2021-02-17</th>\n",
       "      <td>18307735</td>\n",
       "      <td>20483100.0</td>\n",
       "    </tr>\n",
       "    <tr>\n",
       "      <th>2021-02-18</th>\n",
       "      <td>21327683</td>\n",
       "      <td>18307735.0</td>\n",
       "    </tr>\n",
       "    <tr>\n",
       "      <th>2021-02-19</th>\n",
       "      <td>25880879</td>\n",
       "      <td>21327683.0</td>\n",
       "    </tr>\n",
       "    <tr>\n",
       "      <th>...</th>\n",
       "      <td>...</td>\n",
       "      <td>...</td>\n",
       "    </tr>\n",
       "    <tr>\n",
       "      <th>2021-08-09</th>\n",
       "      <td>15522581</td>\n",
       "      <td>13342623.0</td>\n",
       "    </tr>\n",
       "    <tr>\n",
       "      <th>2021-08-10</th>\n",
       "      <td>20362639</td>\n",
       "      <td>15522581.0</td>\n",
       "    </tr>\n",
       "    <tr>\n",
       "      <th>2021-08-11</th>\n",
       "      <td>30241137</td>\n",
       "      <td>20362639.0</td>\n",
       "    </tr>\n",
       "    <tr>\n",
       "      <th>2021-08-12</th>\n",
       "      <td>42365223</td>\n",
       "      <td>30241137.0</td>\n",
       "    </tr>\n",
       "    <tr>\n",
       "      <th>2021-08-13</th>\n",
       "      <td>61270643</td>\n",
       "      <td>42365223.0</td>\n",
       "    </tr>\n",
       "  </tbody>\n",
       "</table>\n",
       "<p>127 rows × 2 columns</p>\n",
       "</div>"
      ],
      "text/plain": [
       "                 거래량       전일거래량\n",
       "일자                              \n",
       "2021-02-15  23529706         NaN\n",
       "2021-02-16  20483100  23529706.0\n",
       "2021-02-17  18307735  20483100.0\n",
       "2021-02-18  21327683  18307735.0\n",
       "2021-02-19  25880879  21327683.0\n",
       "...              ...         ...\n",
       "2021-08-09  15522581  13342623.0\n",
       "2021-08-10  20362639  15522581.0\n",
       "2021-08-11  30241137  20362639.0\n",
       "2021-08-12  42365223  30241137.0\n",
       "2021-08-13  61270643  42365223.0\n",
       "\n",
       "[127 rows x 2 columns]"
      ]
     },
     "execution_count": 364,
     "metadata": {},
     "output_type": "execute_result"
    }
   ],
   "source": [
    "df['전일거래량'] = df['거래량'].shift(1) #행을 하나씩 밀어서 새 컬럼 생성\n",
    "df[['거래량','전일거래량']]"
   ]
  },
  {
   "cell_type": "code",
   "execution_count": 365,
   "id": "b8e66443-ffff-4ca3-9168-e6dec741ee5d",
   "metadata": {},
   "outputs": [
    {
     "name": "stdout",
     "output_type": "stream",
     "text": [
      "상승일 : 66\n",
      "영업일 : 127\n"
     ]
    }
   ],
   "source": [
    "cond = df['거래량'] > df['전일거래량']\n",
    "\n",
    "print(f\"상승일 : {len(df[cond])}\")\n",
    "print(f\"영업일 : {len(df)}\")"
   ]
  },
  {
   "cell_type": "markdown",
   "id": "c260c70b-07d5-4d18-9061-e3648adc6b39",
   "metadata": {
    "jp-MarkdownHeadingCollapsed": true
   },
   "source": [
    "#### 모멘텀 전략 - 컬럼시프트 사용\n",
    ": 자산이 한 추세를 계속해서 보인다면 추세를 유지하려는 경향이 있다\\\n",
    ": 과거 6일전의 종가 대비 당일 종가가 3%이상 높다면 상승장으로 판단해서 참여"
   ]
  },
  {
   "cell_type": "code",
   "execution_count": 367,
   "id": "0a7df7f6-95b6-4d19-9078-b58000af309d",
   "metadata": {},
   "outputs": [
    {
     "data": {
      "text/plain": [
       "12"
      ]
     },
     "execution_count": 367,
     "metadata": {},
     "output_type": "execute_result"
    }
   ],
   "source": [
    "a = df['종가'] / df['종가'].shift(6)\n",
    "cond = a >= 1.03\n",
    "len(df[cond]) #12번의 시장참여 기회가 있었다 "
   ]
  },
  {
   "cell_type": "code",
   "execution_count": 368,
   "id": "a5cc84f1-1f10-4ea8-a5d1-d1ff90ed6fae",
   "metadata": {},
   "outputs": [
    {
     "data": {
      "text/plain": [
       "0.9137589546178475"
      ]
     },
     "execution_count": 368,
     "metadata": {},
     "output_type": "execute_result"
    }
   ],
   "source": [
    "#시그널이 있던 다음날 시가에 사서 종가에 판다면 수익이 얼마인지\n",
    "#약 4%(0.04)의 손실이 있었다\n",
    "cond2 = cond.shift(1).fillna(False)\n",
    "\n",
    "s = df.loc[cond2, \"종가\"] / df.loc[cond2, \"시가\"]\n",
    "s.cumprod()[-1] #총수익률 함수"
   ]
  },
  {
   "cell_type": "markdown",
   "id": "5222307e-42ca-4088-9c8d-d0922afd0312",
   "metadata": {},
   "source": [
    "## 모멘텀 전략(컬럼시프트) 실습\n",
    "cj씨푸드에 간단한 모멘텀 전략 사용하기"
   ]
  },
  {
   "cell_type": "code",
   "execution_count": 3,
   "id": "b6b1bbaa-95e1-4928-bad2-b2c539496eae",
   "metadata": {},
   "outputs": [
    {
     "data": {
